S_lmJelinekMercer_title:12.149781964084196:7.028101679602937
S_dfr_ibe_b_expanded:89.0370871788344:65.52847548026855
S_lmJelinekMercer_description:128.70769286854951:93.78477078020221
S_dfr_ibe_b_narrative:89.07222674241906:65.54197296596558
U_favorite_count:1918.7089551725476:10766.916744687753
T_tweet_length:100.83701815710262:34.89059725103596
U_status_count:59591.91165475629:131441.9668851407
U_description_length:90.13654432837193:48.148461383153105
S_dfr_ibe_b_description:88.84065733078538:65.45679248986455
S_langdingpagetitle:0.23144811830411058:0.1378481845812615
T_hashtag_count:1.8045381535189933:1.3964022110506902
U_inlist_count:185.94148347394759:2033.7546509975052
S_dfr_if_l_description:81.1465203364664:59.26339904959284
S_tfidf_narrative:0.21064717127600277:0.23607734503586797
S_tfidf_title:0.9405818726503197:0.8873902601248601
U_descriptionurl_count:1.1942588914966608:0.5324639256367585
S_tfidf_expanded:0.2644228841414577:0.29357653766610947
S_lmJelinekMercer_narrative:129.06562765426088:93.92734503354072
S_bm25_description:114.15709078102952:83.76205424398952
S_lmDirichlet_title:7.003519017126419:3.8350265580760037
S_bm25_title:10.865653547017004:6.2487373840531895
S_lmDirichlet_narrative:71.06837624822599:53.829441128440244
S_dfr_if_l_expanded:81.32962879232116:59.33313693903312
S_lmDirichlet_expanded:71.0407990345836:53.817860248861436
S_tfidf_description:0.4984275627184065:0.5525932694454734
U_follower_count:12639.863987769886:213400.0678765051
S_bm25_narrative:114.46113854296367:83.87710914864883
T_retweet_count:4.195448109497017:39.034267489421815
U_friend_count:1975.3363870278135:11649.820357944956
S_dfr_if_l_narrative:81.36240870593426:59.34579146573055
S_bm25_expanded:114.41512590433263:83.85941904014557
S_dfr_if_l_title:7.984905444242249:4.413472570558826
T_favorite_count:2.6674715085957246:18.70404275904469
S_dfr_ibe_b_title:8.64313564087787:4.862744455807849
S_lmJelinekMercer_expanded:129.01181546940845:93.90833748400742
S_lmDirichlet_description:70.90350042372373:53.777295366500404
T_usermention_count:1.2418184825500351:0.6500914151507039
